1026
1677
716
1961
978
1920
690
577
168
1049
1026
158
391
1654
921
1936
561
1585
1761
54
895
1978
1391
844
1109
207
96
1371
927
197
742
953
190
291
1149
770
966
1650
426
1486
1489
1179
1458
78
1445
719
146
465
1368
1496
1666
351
993
1006
1211
439
1230
582
1705
203
605
1718
1806
270
264
1351
1191
1855
6
661
1597
861
1531
1204
947
1818
620
922
1798
20
1085
142
469
804
812
394
832
1732
1848
333
1977
679
1902
1652
1360
60
1739
0
1764
466
274
365
993
1200
1041
1647
36
1037
992
1864
569
223
1474
1643
498
721
1642
1121
642
1354
990
709
1424
1938
1526
479
1302
1509
1343
131
1849
419
1846
625
1040
1514
260
1252
145
1155
1477
1195
240
1324
1167
867
276
1815
285
545
1107
364
1288
149
1930
1309
1185
1603
34
1743
372
1690
1877
1143
1190
1534
805
1302
1019
1096
1636
1181
751
169
553
1801
1587
863
651
438
334
1712
1145
536
1235
525
88
119
855
988
1802
1072
556
275
1981
1909
1781
1764
184
423
